65 0 65 135.2 852.25 57 6 0 0 14 0 5 0 5
131 1 65 135.2 859.75 57 10 0 0 14 0 9 0 9
197 2 65 135.2 867.25 57 14 0 0 14 0 13 0 13
265 3 67 139.36 874.75 57 18 0 0 14 0 17 0 17
333 4 67 139.36 882.25 57 22 0 0 14 0 21 0 21
401 5 67 139.36 889.75 57 26 0 0 14 0 25 0 25
471 6 69 143.52 897.25 57 32 0 0 14 0 31 0 31
541 7 69 143.52 904.75 57 36 0 0 14 0 35 1 3
611 8 69 143.52 912.25 57 40 0 0 14 0 39 1 7
683 9 71 147.68 919.75 58 4 0 0 14 1 43 1 11
755 10 71 147.68 927.25 58 10 0 0 14 1 49 1 17
827 11 71 147.68 934.75 58 14 0 0 14 1 53 1 21
901 12 73 151.84 942.25 58 20 0 0 14 1 59 1 27
975 13 73 151.84 949.75 58 24 0 0 14 1 63 1 31
1049 14 73 151.84 957.25 58 30 0 0 14 1 69 2 5
1123 15 73 151.84 964.75 58 34 0 0 14 1 73 2 9
1199 16 75 156.00 972.25 58 40 0 0 14 1 79 2 15
1275 17 75 157.50 979.75 59 4 0 1 14 2 83 2 19
1351 18 75 157.50 987.25 59 10 0 1 14 2 89 2 25
1427 19 75 157.50 994.75 59 14 0 1 14 2 93 2 29
1505 20 77 161.7 1002.25 59 20 0 1 14 2 99 3 3
1583 21 77 161.7 1009.75 59 26 0 1 14 2 105 3 9
1661 22 77 161.7 1017.25 59 30 0 1 14 2 109 3 13
1741 23 79 165.9 1024.75 59 36 0 1 14 2 115 3 19
1821 24 79 165.9 1032.25 59 40 0 1 14 2 119 3 23
1901 25 79 165.9 1039.75 60 6 0 1 14 3 125 3 29
1983 26 81 170.1 1047.25 60 12 0 1 14 3 131 4 3
2065 27 81 170.1 1054.75 60 18 0 1 14 3 137 4 9
2147 28 81 170.1 1062.25 60 22 0 1 14 3 141 4 13
2231 29 83 174.3 1069.75 60 28 0 1 14 3 147 4 19
2315 30 83 174.3 1077.25 60 34 0 1 14 3 153 4 25
2399 31 83 174.3 1084.75 60 40 0 1 14 3 159 4 31
2485 32 85 178.50 1092.25 129 6 1 2 32 0 5 0 5
2571 33 85 178.50 1099.75 129 10 1 2 32 0 9 0 9
2657 34 85 178.50 1107.25 129 16 1 2 32 0 15 0 15
2745 35 87 182.7 1114.75 129 20 1 2 32 0 19 0 19
2833 36 87 182.7 1122.25 129 26 1 2 32 0 25 0 25
2921 37 87 182.7 1129.75 129 30 1 2 32 0 29 0 29
3011 38 89 186.9 1137.25 129 36 1 2 32 0 35 1 3
3101 39 89 186.9 1144.75 129 40 1 2 32 0 39 1 7
3191 40 89 186.9 1152.25 130 6 1 2 32 1 45 1 13
3281 41 89 186.9 1159.75 130 10 1 2 32 1 49 1 17
3373 42 91 191.1 1167.25 130 16 1 2 32 1 55 1 23
3465 43 91 191.1 1174.75 130 20 1 2 32 1 59 1 27
3557 44 91 191.1 1182.25 130 26 1 2 32 1 65 2 1
3651 45 93 195.3 1189.75 130 30 1 2 32 1 69 2 5
3745 46 93 195.3 1197.25 130 36 1 2 32 1 75 2 11
3839 47 93 195.3 1204.75 130 40 1 2 32 1 79 2 15
3931 48 91 198.38 1212.25 131 4 1 3 32 2 83 2 19
4023 49 91 198.38 1219.75 131 10 1 3 32 2 89 2 25
4115 50 91 198.38 1227.25 131 14 1 3 32 2 93 2 29
4209 51 93 202.74 1234.75 131 20 1 3 32 2 99 3 3
4303 52 93 202.74 1242.25 131 26 1 3 32 2 105 3 9
4397 53 93 202.74 1249.75 131 30 1 3 32 2 109 3 13
4493 54 95 207.1 1257.25 131 36 1 3 32 2 115 3 19
4589 55 95 207.1 1264.75 131 40 1 3 32 2 119 3 23
4685 56 95 207.1 1272.25 132 6 1 3 32 3 125 3 29
4783 57 97 211.46 1279.75 132 12 1 3 32 3 131 4 3
4881 58 97 211.46 1287.25 132 18 1 3 32 3 137 4 9
4979 59 97 211.46 1294.75 132 24 1 3 32 3 143 4 15
5079 60 99 215.82 1302.25 132 30 1 3 32 3 149 4 21
5179 61 99 215.82 1309.75 132 36 1 3 32 3 155 4 27
5279 62 99 215.82 1317.25 132 40 1 3 32 3 159 4 31
5355 63 75 225.00 1352 69 4 2 4 50 0 3 0 3
5431 64 75 225.00 1362 69 8 2 4 50 0 7 0 7
5507 65 75 225.00 1372 69 12 2 4 50 0 11 0 11
5583 66 75 225.00 1382 69 16 2 4 50 0 15 0 15
5661 67 77 231.00 1392 69 22 2 4 50 0 21 0 21
5739 68 77 231.00 1402 69 26 2 4 50 0 25 0 25
5817 69 77 231.00 1412 69 30 2 4 50 0 29 0 29
5897 70 79 237.00 1422 69 34 2 4 50 0 33 1 1
5977 71 79 237.00 1432 69 40 2 4 50 0 39 1 7
6057 72 79 237.00 1442 70 4 2 4 50 1 43 1 11
6137 73 79 237.00 1452 70 8 2 4 50 1 47 1 15
6219 74 81 243.00 1462 70 14 2 4 50 1 53 1 21
6301 75 81 243.00 1472 70 18 2 4 50 1 57 1 25
6383 76 81 243.00 1482 70 22 2 4 50 1 61 1 29
6467 77 83 249.00 1492 70 28 2 4 50 1 67 2 3
6551 78 83 249.00 1502 70 32 2 4 50 1 71 2 7
6635 79 83 249.00 1512 70 36 2 4 50 1 75 2 11
6719 80 83 249.00 1522 70 40 2 4 50 1 79 2 15
6805 81 85 255.00 1532 71 6 2 5 50 2 85 2 21
6891 82 85 255.00 1542 71 10 2 5 50 2 89 2 25
6977 83 85 255.00 1552 71 14 2 5 50 2 93 2 29
7065 84 87 261.00 1562 71 20 2 5 50 2 99 3 3
7153 85 87 261.00 1572 71 24 2 5 50 2 103 3 7
7241 86 87 261.00 1582 71 28 2 5 50 2 107 3 11
7331 87 89 267.00 1592 71 34 2 5 50 2 113 3 17
7421 88 89 267.00 1602 71 38 2 5 50 2 117 3 21
7511 89 89 267.00 1612 71 40 2 5 50 2 119 3 23
7601 90 89 267.00 1622 72 10 2 5 50 3 129 4 1
7693 91 91 273.00 1632 72 14 2 5 50 3 133 4 5
7785 92 91 273.00 1642 72 20 2 5 50 3 139 4 11
7877 93 91 273.00 1652 72 24 2 5 50 3 143 4 15
7971 94 93 279.00 1662 72 30 2 5 50 3 149 4 21
8065 95 93 279.00 1672 72 34 2 5 50 3 153 4 25
8159 96 93 279.00 1682 72 40 2 5 50 3 159 4 31
8253 97 93 282.72 1714 77 4 3 6 70 0 3 0 3
8349 98 95 288.8 1726 77 8 3 6 70 0 7 0 7
8445 99 95 288.8 1738 77 14 3 6 70 0 13 0 13
8541 100 95 288.8 1750 77 18 3 6 70 0 17 0 17
8639 101 97 294.88 1762 77 24 3 6 70 0 23 0 23
8737 102 97 294.88 1774 77 28 3 6 70 0 27 0 27
8835 103 97 294.88 1786 77 32 3 6 70 0 31 0 31
8935 104 99 301.00 1798 77 36 3 6 70 0 35 1 3
9035 105 99 301.00 1810 77 40 3 6 70 0 39 1 7
9137 106 101 307.04 1822 78 6 3 6 70 1 45 1 13
9239 107 101 307.04 1834 78 12 3 6 70 1 51 1 19
9341 108 101 307.04 1846 78 18 3 6 70 1 57 1 25
9445 109 103 313.12 1858 78 24 3 6 70 1 63 1 31
9549 110 103 313.12 1870 78 30 3 6 70 1 69 2 5
9653 111 103 313.12 1882 78 34 3 6 70 1 73 2 9
9759 112 105 319.2 1894 78 40 3 6 70 1 79 2 15
9869 113 109 320.46 1906 79 6 3 7 70 2 85 2 21
9979 114 109 320.46 1918 79 10 3 7 70 2 89 2 25
10091 115 111 326.34 1930 79 16 3 7 70 2 95 2 31
10203 116 111 326.34 1942 79 22 3 7 70 2 101 3 5
10315 117 111 326.34 1954 79 28 3 7 70 2 107 3 11
10429 118 113 332.22 1966 79 34 3 7 70 2 113 3 17
10543 119 113 332.22 1978 79 40 3 7 70 2 119 3 23
10657 120 113 332.22 1990 80 6 3 7 70 3 125 3 29
10773 121 115 338.1 2002 80 12 3 7 70 3 131 4 3
10889 122 115 338.1 2014 80 18 3 7 70 3 137 4 9
11005 123 115 338.1 2026 80 24 3 7 70 3 143 4 15
11123 124 117 343.98 2038 80 30 3 7 70 3 149 4 21
11241 125 117 343.98 2050 80 36 3 7 70 3 155 4 27
11359 126 117 343.98 2062 80 40 3 7 70 3 159 4 31
11477 127 117 353.34 2096.50 77 6 4 8 90 0 5 0 5
11595 128 117 353.34 2111.50 77 12 4 8 90 0 11 0 11
11715 129 119 359.38 2126.50 77 18 4 8 90 0 17 0 17
11835 130 119 359.38 2141.50 77 24 4 8 90 0 23 0 23
11957 131 121 365.42 2156.50 77 30 4 8 90 0 29 0 29
12079 132 121 365.42 2171.50 77 36 4 8 90 0 35 1 3
12203 133 123 371.46 2186.50 77 40 4 8 90 0 39 1 7
12327 134 123 371.46 2201.50 78 8 4 8 90 1 47 1 15
12451 135 123 371.46 2216.50 78 14 4 8 90 1 53 1 21
12577 136 125 377.50 2231.50 78 20 4 8 90 1 59 1 27
12703 137 125 377.50 2246.50 78 26 4 8 90 1 65 2 1
12831 138 127 383.54 2261.50 78 34 4 8 90 1 73 2 9
12959 139 127 383.54 2276.50 78 40 4 8 90 1 79 2 15
13087 140 127 385.445 2291.50 79 6 4 9 90 2 85 2 21
13217 141 129 391.515 2306.50 79 12 4 9 90 2 91 2 27
13347 142 129 391.515 2321.50 79 18 4 9 90 2 97 3 1
13479 143 131 397.585 2336.50 79 26 4 9 90 2 105 3 9
13611 144 131 397.585 2351.50 79 34 4 9 90 2 113 3 17
13743 145 131 397.585 2366.50 79 40 4 9 90 2 119 3 23
13877 146 133 403.655 2381.50 80 6 4 9 90 3 125 3 29
14011 147 133 403.655 2396.50 80 12 4 9 90 3 131 4 3
14147 148 135 409.725 2411.50 80 20 4 9 90 3 139 4 11
14283 149 135 409.725 2426.50 80 26 4 9 90 3 145 4 17
14421 150 137 415.795 2441.50 80 34 4 9 90 3 153 4 25
14559 151 137 415.795 2456.50 80 40 4 9 90 3 159 4 31